ang = [179.749441142667,178.069225414280,175.756369566802,173.473734666006,169.623368569648,164.907086625847,163.218977724107,150.904392413888;179.528069440322,177.641556050816,174.802102481901,172.024116766695,170.697790842032,165.953228349811,161.809139544857,150.751751491860;179.239959963089,177.222173360788,174.786166821434,173.312489112272,169.553990687586,165.595879103756,161.453069161541,144.273798360632;179.068264151790,177.196123826897,174.747692910284,173.209835787675,168.404635979154,164.847359519377,159.281077103009,147.775132455272;179.201227394834,177.536149469849,174.133313367514,172.513074320164,168.461333434332,164.316102934529,159.545657781418,144.824098950796;179.498509467749,177.602686090954,175.383812051344,173.141169662137,168.989989758684,163.915764028730,160.647732989318,145.782740977129;179.924922932323,177.873568180213,174.500101664795,173.182813746459,167.692421368255,163.279015332758,159.904713409628,150.614724815386;178.916192976235,177.611089892405,173.869977527217,172.571665345494,167.569009984828,162.771034707896,158.534351278883,143.496705289933];

